731770
358250
1389550
1082710
34277
992300
405640
1201240
574820
886960
24800
1897580
1785120
1415200
1543150
497850
594050
339350
392470
1557050
1147690
1877330
588160
1420770
244890
1570070
826600
410390
926340
755980
1889320
1099400
1419730
482450
773580
524030
306020
517910
1628370
884550
604240
1203710
622470
1472660
22500
400660
392920
1397690
944010
249990
1112930
234670
579820
392160
438180
1257360
1770660
6980
822990
1489630
960330
1894760
546490
703940
523660
1035750
909660
1457920
310450
4520
45740
277270
668550
432380
32360
FIM
