80
321.169
389.309
460.306
8.496
177.642
608.048
588.031
962.089
858.554
8.906
545.980
246.307
264.422
863.343
24.242
506.847
101.892
431.683
114.248
694.176
317.116
574.834
402.771
946.349
416.331
711.745
48.416
897.642
17.454
351.384
349.014
324.068
150.449
836.808
517.143
504.077
238.715
782.179
960.799
353.307
323.724
835.450
918.090
474.429
355.144
712.368
221.516
988.387
384.714
692.047
435
19
259
361
797
744
122
820
89
841
0.021
0.572
0.525
0.217
0.507
0.253
0.671
0.770
0.383
0.469
.306
.495
.264
.125
.621
.270
.689
.809
.939
.200
