893680
248610
237740
20530
629090
270790
321800
594650
377870
1225560
1245620
17410
286000
17300
827000
413150
460950
1172470
1123050
257510
235460
730
417880
9500
849200
328600
315460
1238060
1097350
1093290
1252240
1438190
1001140
1630
19900
495910
1456760
530390
2052040
363440
214150
206420
553640
41060
380810
1038370
1659040
277390
1042490
367500
256390
27000
241540
218620
234670
1267930
336080
25900
57300
2394650
591630
207490
1393750
330820
824070
201271
780310
374320
228280
563840
544810
269710
620
1386870
207350
1384160
34330
1001800
20500
798490
72850
292030
1191940
1440440
611670
578720
4520
273620
1346020
813230
358810
1046400
15210
515220
1301210
503400
695330
252950
1991300
214700
211360
330020
504230
866800
43600
7670
271590
102600
536220
390290
65980
915100
640120
507490
7620
527230
683320
236430
368370
2362420
973810
1162350
220240
1585220
481510
955360
1497440
1004750
1072420
629000
38410
1170060
1574580
3180240
435400
287700
348490
926580
1091980
470780
262960
1309950
47870
48220
594330
21660
24960
22200
1167630
327690
847370
275570
65300
542050
377160
30
1875830
223220
678950
239030
501300
589780
13210
463700
1407200
572410
906100
921570
2679460
1547890
208140
224940
2076140
1523720
327030
391730
2754380
2113850
1102190
27400
925930
254840
291650
46500
500810
235820
807120
312560
593280
20820
243360
1206060
234630
436670
445020
13500
250320
291410
50300
42200
241930
2386310
910630
544580
272270
40320
500
35010
266410
94200
783210
24810
47890
400
332200
350740
3560
8980
311690
15200
310950
428550
215280
312450
583470
590690
396750
1888160
1091500
8400
23600
452570
1708520
334310
225260
233230
327740
306130
2688950
573100
432940
15390
2610
32440
1060600
228360
365770
910830
385760
1172380
38440
6830
17450
261030
24240
99700
558990
710920
975370
1051410
1568970
550
763030
13230
737520
18430
2014550
924130
8870
18420
578650
209190
420
38700
456670
488920
289070
590380
17460
820540
24980
1656930
744050
1041210
415200
419460
861250
1190170
6870
252630
1451120
108710
396350
1184370
446840
393520
1300600
33460
1138850
243470
3170
519860
236730
1046030
210770
1674920
1454890
380
39120
1205170
1174180
204060
699170
226860
381780
1448440
821290
632360
105450
278640
228400
254960
211600
243040
22340
328900
493520
380150
40930
1790600
809230
969760
1758910
1424330
298110
57400
239090
418370
1108370
811320
4780
416680
637090
752590
250760
91200
1164940
2680190
12360
601150
427270
740130
996770
865360
254700
235540
322190
244210
207170
8260
40990
391220
2640
985950
384110
32510
46560
58610
253750
9010
388320
285190
29700
261570
552590
409710
370910
204180
40100
215160
32360
704200
814680
215100
72200
260790
13620
105600
39190
95400
1153640
208750
960690
1593500
228760
256290
630310
1025440
281990
8500
FIM