10
1022
1026
104
1046
1086
1103
1118
1122
1144
1145
1146
1150
1152
1160
1165
1169
1171
1173
1183
1188
1201
1208
1212
122
1220
1227
1231
1232
1235
1242
1248
1249
1252
1253
1259
1280
1292
1303
1320
1334
1336
1350
1358
1367
1389
1401
141
1415
1417
1435
144
1442
145
146
1461
1464
1465
1466
1472
1473
15
150
1501
1508
1525
154
1541
1545
1549
1555
1558
1559
1568
1585
1587
1597
1613
1618
1630
1631
1650
1656
1672
1675
1680
1686
1693
1702
1704
1718
1730
1733
1739
1740
1743
1744
1752
1768
1772
1785
1798
1805
1807
1810
1829
183
1833
1835
1839
1841
1842
1853
1870
1884
1887
1914
1923
1939
1940
1950
1951
1958
1959
1973
1975
1985
1987
1988
1992
1995
2011
2019
2020
2023
2024
2025
204
2040
2046
2047
2052
2056
2067
2069
2075
208
2087
2088
2092
2107
211
2117
2124
2126
2127
213
2130
2132
2137
2182
2198
220
2203
2204
2210
2215
2216
2227
223
2246
2261
2275
2297
2312
2317
2323
2326
2327
233
2360
2361
2383
2398
2402
2405
2406
2408
2429
2433
2448
246
2462
2470
2472
2478
2482
251
2514
2522
2532
2534
2535
2540
2546
255
2559
2564
2569
2576
2582
2586
2589
2596
2600
2603
2617
2619
2621
2623
2628
2631
2636
264
2643
2653
2654
2655
2663
267
2675
2682
2683
2690
2698
2701
2712
2738
2751
2752
2789
2792
280
2809
2813
282
2827
2843
2863
2864
2865
2866
287
2870
2880
2888
289
2904
291
2914
2916
2921
2930
2933
295
2960
2963
298
299
2997
3
3000
3010
3029
3045
3060
3067
3078
3079
3084
309
3096
3109
3127
3128
313
3138
3139
3149
3157
3189
3208
3227
3229
3241
3261
3277
3284
3289
3299
33
3308
3313
3315
3325
3330
3331
3346
3355
3358
3368
3370
3374
3376
3387
3394
3397
34
3403
3420
3427
3439
345
3474
3475
3477
3494
3501
3516
3520
3525
3548
3559
3582
3586
3588
3595
3620
3628
3629
3638
3639
3643
3644
3659
3664
3667
3671
3682
3698
370
3719
3728
3729
3734
3744
3745
3746
3757
3778
3780
3783
3787
3789
3795
3814
3821
3826
3829
3834
3838
3844
3850
3851
3862
3877
3896
39
395
403
419
430
439
444
46
462
467
471
479
483
496
511
539
54
545
55
558
563
566
575
587
588
590
593
599
60
602
605
610
618
630
634
640
65
651
665
672
68
683
686
7
713
717
726
738
749
760
769
772
775
787
788
79
797
805
806
808
826
831
833
845
868
874
88
886
889
89
892
90
902
910
919
921
936
94
947
953
954
966
969
975
980
982
984
FIM

