1014
1016
104
1091
1102
1105
1115
1128
1143
1156
1176
1187
1210
1269
130
131
1363
1403
1473
1493
1508
1514
1520
1523
1544
1580
1594
1666
167
1682
169
1718
1728
1747
1773
1779
1813
1841
1847
1857
1891
2038
2050
2055
2071
2089
2095
2113
2149
2161
2186
2194
2235
2253
2299
2318
2343
2356
2367
2437
2493
2526
2550
259
26
2629
2644
2710
2742
275
278
2816
282
2870
290
2922
2942
3020
3039
3040
3093
3105
3148
3171
3195
3209
3260
3273
3297
3320
3354
3428
3447
3490
3493
35
3504
3507
3586
3691
3698
3703
3760
3820
397
421
458
490
51
589
605
618
642
702
732
77
777
784
881
907
913
931
935
939
972
987
FIM
32
II 879
IF 971
II 3501
II 413
II 3040
IF 993
II 3670
II 506
II 3199
IF 930
IF 663
R* 12
RI
RF
R* 13
I* 13 3611
I* 14 2834
II 3176
II 627
RF
II 3588
II 477
II 3187
I* 20 816
I* 20 3500
I* 21 818
I* 23 3169
R* 10
R* 10
R* 11
R* 12
R* 13
