1189490
300550
49800
1851280
1112930
275570
1276550
1096530
690510
1504570
1369470
270130
336150
573210
886470
1368820
951530
247370
1879330
1634290
259570
941650
768450
1347140
722670
711540
450170
730
598550
614090
809440
1923860
559010
1547380
554310
1124090
292120
691930
325420
663670
503820
49600
49300
1631930
1038740
336760
64000
487580
410890
363110
FIM
20
II 1487390
II 258520
II 1165270
II 298140
II 213610
IF 50510
IF 998660
IF 1740720
I* 10 24720
I* 15 439550
I* 20 1507410
RF
RF
RF
RI
RI
R* 10
RF
RF
RI
