866800
620
236430
15210
4520
1630
350740
9010
278640
452570
420
1790600
536220
204060
1523720
287700
243040
38410
385760
416680
380
275570
1164940
558990
21660
18420
427270
390290
40990
243470
6830
235460
393520
1153640
969760
291650
630310
228360
1038370
248610
594330
493520
921570
415200
23600
291410
752590
4780
391220
544810
20530
1497440
542050
20500
1205170
418370
2113850
380150
824070
358810
102600
500810
730
809230
6870
2014550
22340
807120
327740
1172380
330020
24240
611670
206420
241540
365770
254700
207170
1674920
1252240
253750
1091980
2362420
65980
553640
27000
24810
925930
40930
286000
1170060
328600
544580
589780
312450
1456760
1384160
29700
417880
41060
FIM
